1 574.5 -283.5 12
1 621.0 -249.0 14
1 661.0 -221.0 16
1 678.0 -209.0 19
1 708.0 -188.5 20
1 732.0 -175.0 21
1 744.0 -167.5 23
1 762.5 -156.0 25
1 779.0 -146.5 28
1 787.0 -141.5 29
1 800.0 -136.5 30
1 811.5 -133.5 33
1 816.5 -129.5 34
1 826.5 -127.0 36
1 834.0 -128.5 38
1 836.5 -128.5 40
1 842.5 -128.5 41
2 621.0 -249.0 14
2 661.0 -221.0 16
2 678.0 -209.0 19
2 708.0 -188.5 20
2 732.0 -175.0 21
2 744.0 -167.5 23
2 762.5 -156.0 25
2 779.0 -146.5 28
2 787.0 -141.5 29
2 800.0 -136.5 30
2 811.5 -133.5 33
2 816.5 -129.5 34
2 826.5 -127.0 36
2 834.0 -128.5 38
2 836.5 -128.5 40
2 842.5 -128.5 41
2 848.5 -129.0 42
2 850.0 -131.0 45
2 854.0 -132.0 46
2 857.5 -136.0 47
3 678.0 -209.0 19
3 708.0 -188.5 20
3 732.0 -175.0 21
3 744.0 -167.5 23
3 762.5 -156.0 25
3 779.0 -146.5 28
3 787.0 -141.5 29
3 800.0 -136.5 30
3 811.5 -133.5 33
3 816.5 -129.5 34
3 826.5 -127.0 36
3 834.0 -128.5 38
3 836.5 -128.5 40
3 842.5 -128.5 41
3 848.5 -129.0 42
3 850.0 -131.0 45
3 854.0 -132.0 46
3 857.5 -136.0 47
3 860.0 -137.5 49
3 861.0 -140.0 50
3 863.0 -146.0 51
3 864.0 -147.5 53
3 865.0 -151.5 54
3 866.5 -158.0 55
3 866.0 -159.5 57
3 867.5 -166.5 58
3 867.0 -171.0 59
3 866.5 -175.0 60
3 866.5 -182.0 61
3 866.0 -188.5 64
3 867.5 -190.0 66
3 864.0 -197.0 67
3 863.0 -205.0 68
3 862.0 -210.0 70
